Brusselator ODE Simulation with 16-Stage Fourth-Order ESRK Method
-----------------------------------------------------------------
Step sizes (h): [0.001      0.00104762 0.0010975  0.00114976 0.0012045  0.00126186
 0.00132194 0.00138489 0.00145083 0.00151991 0.00159228 0.0016681
 0.00174753 0.00183074 0.00191791 0.00200923 0.0021049  0.00220513
 0.00231013 0.00242013 0.00253536 0.00265609 0.00278256 0.00291505
 0.00305386 0.00319927 0.0033516  0.00351119 0.00367838 0.00385353
 0.00403702 0.00422924 0.00443062 0.00464159 0.0048626  0.00509414
 0.0053367  0.00559081 0.00585702 0.00613591 0.00642807 0.00673415
 0.0070548  0.00739072 0.00774264 0.00811131 0.00849753 0.00890215
 0.00932603 0.0097701  0.01023531 0.01072267 0.01123324 0.01176812
 0.01232847 0.0129155  0.01353048 0.01417474 0.01484968 0.01555676
 0.01629751 0.01707353 0.0178865  0.01873817 0.01963041 0.02056512
 0.02154435 0.0225702  0.02364489 0.02477076 0.02595024 0.02718588
 0.02848036 0.02983647 0.03125716 0.03274549 0.03430469 0.03593814
 0.03764936 0.03944206 0.04132012 0.04328761 0.04534879 0.0475081
 0.04977024 0.05214008 0.05462277 0.05722368 0.05994843 0.06280291
 0.06579332 0.06892612 0.07220809 0.07564633 0.07924829 0.08302176
 0.0869749  0.09111628 0.09545485 0.1       ]
Errors: [4.5251079069391834632e-12, 5.451439091266432674e-12, 6.5683690528621492983e-12, 7.91285525621440413e-12, 9.532636908106208855e-12, 1.1484312351979989811e-11, 1.3835662645823395755e-11, 1.6668127989027996673e-11, 2.0080230021118083348e-11, 2.4191325280432927228e-11, 2.9143676203753640654e-11, 3.5110530424143774178e-11, 4.2299100419400033734e-11, 5.095940723445607547e-11, 6.1393352616468772954e-11, 7.396458368982119849e-11, 8.9110580457855972675e-11, 1.0735916026568711449e-10, 1.2934606893289326058e-10, 1.5583795889764106982e-10, 1.8775798502396732983e-10, 2.2621921984264152255e-10, 2.725629083159868696e-10, 3.2840578104348740315e-10, 3.9569635525552456234e-10, 4.767831308959392105e-10, 5.7449708009471977916e-10, 6.922507466501991856e-10, 8.3415780231400962684e-10, 1.0051775252112658893e-09, 1.211288844992966133e-09, 1.4597002179170494996e-09, 1.7591035300059245375e-09, 2.1199791250182896247e-09, 2.5549656909259175183e-09, 3.0793050032927148957e-09, 3.7113794766950023116e-09, 4.4733629141584160074e-09, 5.3920013527230650573e-09, 6.4995612456814596854e-09, 7.834974385580463647e-09, 9.445213750734837682e-09, 1.1386974284735550588e-08, 1.37286699895794609495e-08, 1.6552892192012357136e-08, 1.9959346092727399636e-08, 2.4068429274923313987e-08, 2.9025534619717266259e-08, 3.5006269377433360006e-08, 4.222279563465972388e-08, 5.0931478970063535792e-08, 6.1442159804956614885e-08, 7.412942131354007573e-08, 8.944618629577467564e-08, 1.0794035977540962137e-07, 1.3027478087033412196e-07, 1.5725175482016697819e-07, 1.8984266597881224932e-07, 2.2922407778443561903e-07, 2.7682158188155200204e-07, 3.3436366421487538244e-07, 4.039463221524960941e-07, 4.8811352269680445345e-07, 5.899537757346706097e-07, 7.132201659564469851e-07, 8.624753143966832613e-07, 1.0432711737291890082e-06, 1.2623687357181737053e-06, 1.5280079199346952027e-06, 1.8502461159333882723e-06, 2.241362943267371773e-06, 2.7163763660909291395e-06, 3.2936832620841984277e-06, 3.995835970337481666e-06, 4.850539655520938592e-06, 5.8919046500804658747e-06, 7.1619630639298978958e-06, 8.7126808235302386316e-06, 1.0608415758576957761e-05, 1.2929131950118894716e-05, 1.5774456488273362962e-05, 1.926807014105228421e-05, 2.3566838404348947937e-05, 2.8863342131635814427e-05, 3.5419862493521605788e-05, 4.3544512812003091243e-05, 5.3539004477376315093e-05, 6.625285484841204375e-05, 8.179538959612865428e-05, 0.000101924721310337235727, 0.00012496941644874372364, 0.00015940688080699883652, 0.00019906626471690252774, 0.00025341422417516658378, 0.00029157350708132547484, 0.0004068039544841488999, 0.00046023330334238547167, 0.00055220240822602880833, 0.0007805199816053805989, 0.0010477933521541531937]
Orders of convergence (pairwise): [4.003670094169963866, 4.0068459158454156573, 4.003345930028105974, 4.003551573132962062, 4.0041512598774387428, 4.004300921188308394, 4.003899694127885266, 4.003651911028484255, 4.0041033964042280504, 4.0037912642445049136, 4.004206342168128209, 4.004240167484210201, 4.0042151978316863955, 4.0044006450300035113, 4.00467210866682903, 4.004820045565500135, 4.0050367470683348697, 4.0052493525093080503, 4.0055408474951153136, 4.0057956430954317433, 4.0060886800320587276, 4.00639408819020958, 4.0067299273687155044, 4.0070871947455964, 4.007462143427108614, 4.0078637535300536366, 4.00829255296180162, 4.008746782963134307, 4.009230388018376893, 4.009744931196773, 4.010289778678436322, 4.01087249895455888, 4.0114891295407227386, 4.0121476604403054213, 4.0128479327092753796, 4.013591383084558967, 4.0143891705303003234, 4.015235046092208866, 4.0161353762998982923, 4.0171002550597715544, 4.0181233808762450133, 4.0192291840743205877, 4.020396220931141122, 4.021648338082055002, 4.0229849047564942006, 4.02442127730978281, 4.025957707437931516, 4.0275973327937853166, 4.029357162598729997, 4.031245467569478918, 4.0332692047068284254, 4.035444746939001435, 4.037775315895244639, 4.040290630013381892, 4.042986257723858815, 4.0458898872531183044, 4.0490170143733305685, 4.052387297867352898, 4.056015740029859712, 4.0599469275720706856, 4.0641768290499591327, 4.0687604690695592735, 4.0737087004755466726, 4.0790786435495338435, 4.0848914445375613925, 4.091201436717726329, 4.098056608757148926, 4.1054990707425593026, 4.1136428487299987033, 4.1224929672842696485, 4.132148912477633257, 4.142748534163539145, 4.1543280537542785764, 4.1670291681857246223, 4.181049697015339176, 4.196430164757841589, 4.21342651919765871, 4.232187007515858969, 4.252982368765983353, 4.2760593190106310395, 4.3007487987626514675, 4.329423712820695353, 4.358242023420152162, 4.400562550106301156, 4.4394849706060179476, 4.4419743520531108525, 4.5804481143530501727, 4.5304493093207069457, 4.729760012869586774, 4.3819483563362135138, 5.232314436225541146, 4.776284878538919169, 5.189249380742958189, 3.015395082936582391, 7.15953671551503602, 2.6528473542555095952, 3.916452597315703906, 7.4391436014037215355, 6.3306348457876073215]
Iterations (number of steps) per h: [10000, 9546, 9112, 8698, 8303, 7925, 7565, 7221, 6893, 6580, 6281, 5995, 5723, 5463, 5215, 4978, 4751, 4535, 4329, 4133, 3945, 3765, 3594, 3431, 3275, 3126, 2984, 2849, 2719, 2596, 2478, 2365, 2258, 2155, 2057, 1964, 1874, 1789, 1708, 1630, 1556, 1485, 1418, 1354, 1292, 1233, 1177, 1124, 1073, 1024, 978, 933, 891, 850, 812, 775, 740, 706, 674, 643, 614, 586, 560, 534, 510, 487, 465, 444, 423, 404, 386, 368, 352, 336, 320, 306, 292, 279, 266, 254, 243, 232, 221, 211, 201, 192, 184, 175, 167, 160, 152, 146, 139, 133, 127, 121, 115, 110, 105, 100]
Computation times (s): [3.5802838802337646, 3.665073871612549, 3.493811845779419, 3.384779453277588, 3.1670122146606445, 2.9459831714630127, 2.7873823642730713, 2.639925956726074, 2.6494088172912598, 2.5011961460113525, 2.4135284423828125, 2.2635388374328613, 2.1691040992736816, 2.136744737625122, 1.9710495471954346, 1.8457064628601074, 1.6972918510437012, 1.6153912544250488, 1.5386760234832764, 1.4728434085845947, 1.436065912246704, 1.37955904006958, 1.3169267177581787, 1.254270076751709, 1.1914117336273193, 1.134110927581787, 1.1035399436950684, 1.0599172115325928, 0.9878334999084473, 0.9116744995117188, 0.874988317489624, 0.8520145416259766, 0.8357610702514648, 0.8051843643188477, 0.7524964809417725, 0.7136573791503906, 0.6853876113891602, 0.6540944576263428, 0.6248481273651123, 0.5962686538696289, 0.5690817832946777, 0.5428104400634766, 0.5172514915466309, 0.49468421936035156, 0.4713249206542969, 0.44779133796691895, 0.42824745178222656, 0.4094064235687256, 0.3907945156097412, 0.37386178970336914, 0.3547830581665039, 0.3382875919342041, 0.3262288570404053, 0.3137698173522949, 0.3062925338745117, 0.28008460998535156, 0.2620208263397217, 0.249861478805542, 0.23747706413269043, 0.2277085781097412, 0.2175753116607666, 0.20738506317138672, 0.1976149082183838, 0.18903589248657227, 0.18056058883666992, 0.1728050708770752, 0.164625883102417, 0.15694451332092285, 0.1491084098815918, 0.14173197746276855, 0.13619446754455566, 0.13412237167358398, 0.12596392631530762, 0.12654519081115723, 0.12097525596618652, 0.11272263526916504, 0.10532712936401367, 0.10386061668395996, 0.0948479175567627, 0.09001421928405762, 0.13129520416259766, 0.08361291885375977, 0.0797421932220459, 0.07636356353759766, 0.0726156234741211, 0.06954264640808105, 0.06669402122497559, 0.06317973136901855, 0.06007647514343262, 0.05631828308105469, 0.05550265312194824, 0.05289816856384277, 0.050652265548706055, 0.048131704330444336, 0.04613327980041504, 0.04399681091308594, 0.041518449783325195, 0.040123939514160156, 0.038190364837646484, 0.03645658493041992]
Peak memory usage (bytes): [2733960, 2617736, 2487624, 2381640, 2263624, 2166856, 2074696, 1971656, 1887688, 1794248, 1717704, 1644488, 1563016, 1496456, 1422408, 1361736, 1303624, 1238984, 1186248, 1136072, 1079624, 1033544, 982344, 940616, 900680, 855944, 819592, 779208, 745928, 714440, 679048, 650120, 618120, 591752, 566664, 538760, 515720, 493960, 469576, 449608, 427400, 409224, 392072, 372808, 356936, 339272, 324936, 311368, 296008, 283464, 271688, 258120, 247368, 235080, 225352, 215880, 205320, 196616, 188424, 179080, 171656, 163208, 156684, 149896, 142600, 136712, 131080, 124680, 119304, 114440, 108936, 104328, 100232, 95368, 91272, 86984, 83400, 80072, 76104, 72976, 70160, 67344, 63952, 61392, 58832, 56016, 53968, 51664, 49168, 47376, 45328, 43408, 41616, 40080, 38224, 36688, 35152, 33872, 32272, 30960]
Brusselator ODE Simulation with 16-Stage Fourth-Order ESRK Method
-----------------------------------------------------------------
Step sizes (h): [0.001      0.00104762 0.0010975  0.00114976 0.0012045  0.00126186
 0.00132194 0.00138489 0.00145083 0.00151991 0.00159228 0.0016681
 0.00174753 0.00183074 0.00191791 0.00200923 0.0021049  0.00220513
 0.00231013 0.00242013 0.00253536 0.00265609 0.00278256 0.00291505
 0.00305386 0.00319927 0.0033516  0.00351119 0.00367838 0.00385353
 0.00403702 0.00422924 0.00443062 0.00464159 0.0048626  0.00509414
 0.0053367  0.00559081 0.00585702 0.00613591 0.00642807 0.00673415
 0.0070548  0.00739072 0.00774264 0.00811131 0.00849753 0.00890215
 0.00932603 0.0097701  0.01023531 0.01072267 0.01123324 0.01176812
 0.01232847 0.0129155  0.01353048 0.01417474 0.01484968 0.01555676
 0.01629751 0.01707353 0.0178865  0.01873817 0.01963041 0.02056512
 0.02154435 0.0225702  0.02364489 0.02477076 0.02595024 0.02718588
 0.02848036 0.02983647 0.03125716 0.03274549 0.03430469 0.03593814
 0.03764936 0.03944206 0.04132012 0.04328761 0.04534879 0.0475081
 0.04977024 0.05214008 0.05462277 0.05722368 0.05994843 0.06280291
 0.06579332 0.06892612 0.07220809 0.07564633 0.07924829 0.08302176
 0.0869749  0.09111628 0.09545485 0.1       ]
Errors: [4.5251079069391834632e-12, 5.451439091266432674e-12, 6.5683690528621492983e-12, 7.91285525621440413e-12, 9.532636908106208855e-12, 1.1484312351979989811e-11, 1.3835662645823395755e-11, 1.6668127989027996673e-11, 2.0080230021118083348e-11, 2.4191325280432927228e-11, 2.9143676203753640654e-11, 3.5110530424143774178e-11, 4.2299100419400033734e-11, 5.095940723445607547e-11, 6.1393352616468772954e-11, 7.396458368982119849e-11, 8.9110580457855972675e-11, 1.0735916026568711449e-10, 1.2934606893289326058e-10, 1.5583795889764106982e-10, 1.8775798502396732983e-10, 2.2621921984264152255e-10, 2.725629083159868696e-10, 3.2840578104348740315e-10, 3.9569635525552456234e-10, 4.767831308959392105e-10, 5.7449708009471977916e-10, 6.922507466501991856e-10, 8.3415780231400962684e-10, 1.0051775252112658893e-09, 1.211288844992966133e-09, 1.4597002179170494996e-09, 1.7591035300059245375e-09, 2.1199791250182896247e-09, 2.5549656909259175183e-09, 3.0793050032927148957e-09, 3.7113794766950023116e-09, 4.4733629141584160074e-09, 5.3920013527230650573e-09, 6.4995612456814596854e-09, 7.834974385580463647e-09, 9.445213750734837682e-09, 1.1386974284735550588e-08, 1.37286699895794609495e-08, 1.6552892192012357136e-08, 1.9959346092727399636e-08, 2.4068429274923313987e-08, 2.9025534619717266259e-08, 3.5006269377433360006e-08, 4.222279563465972388e-08, 5.0931478970063535792e-08, 6.1442159804956614885e-08, 7.412942131354007573e-08, 8.944618629577467564e-08, 1.0794035977540962137e-07, 1.3027478087033412196e-07, 1.5725175482016697819e-07, 1.8984266597881224932e-07, 2.2922407778443561903e-07, 2.7682158188155200204e-07, 3.3436366421487538244e-07, 4.039463221524960941e-07, 4.8811352269680445345e-07, 5.899537757346706097e-07, 7.132201659564469851e-07, 8.624753143966832613e-07, 1.0432711737291890082e-06, 1.2623687357181737053e-06, 1.5280079199346952027e-06, 1.8502461159333882723e-06, 2.241362943267371773e-06, 2.7163763660909291395e-06, 3.2936832620841984277e-06, 3.995835970337481666e-06, 4.850539655520938592e-06, 5.8919046500804658747e-06, 7.1619630639298978958e-06, 8.7126808235302386316e-06, 1.0608415758576957761e-05, 1.2929131950118894716e-05, 1.5774456488273362962e-05, 1.926807014105228421e-05, 2.3566838404348947937e-05, 2.8863342131635814427e-05, 3.5419862493521605788e-05, 4.3544512812003091243e-05, 5.3539004477376315093e-05, 6.625285484841204375e-05, 8.179538959612865428e-05, 0.000101924721310337235727, 0.00012496941644874372364, 0.00015940688080699883652, 0.00019906626471690252774, 0.00025341422417516658378, 0.00029157350708132547484, 0.0004068039544841488999, 0.00046023330334238547167, 0.00055220240822602880833, 0.0007805199816053805989, 0.0010477933521541531937]
Orders of convergence (pairwise): [4.003670094169963866, 4.0068459158454156573, 4.003345930028105974, 4.003551573132962062, 4.0041512598774387428, 4.004300921188308394, 4.003899694127885266, 4.003651911028484255, 4.0041033964042280504, 4.0037912642445049136, 4.004206342168128209, 4.004240167484210201, 4.0042151978316863955, 4.0044006450300035113, 4.00467210866682903, 4.004820045565500135, 4.0050367470683348697, 4.0052493525093080503, 4.0055408474951153136, 4.0057956430954317433, 4.0060886800320587276, 4.00639408819020958, 4.0067299273687155044, 4.0070871947455964, 4.007462143427108614, 4.0078637535300536366, 4.00829255296180162, 4.008746782963134307, 4.009230388018376893, 4.009744931196773, 4.010289778678436322, 4.01087249895455888, 4.0114891295407227386, 4.0121476604403054213, 4.0128479327092753796, 4.013591383084558967, 4.0143891705303003234, 4.015235046092208866, 4.0161353762998982923, 4.0171002550597715544, 4.0181233808762450133, 4.0192291840743205877, 4.020396220931141122, 4.021648338082055002, 4.0229849047564942006, 4.02442127730978281, 4.025957707437931516, 4.0275973327937853166, 4.029357162598729997, 4.031245467569478918, 4.0332692047068284254, 4.035444746939001435, 4.037775315895244639, 4.040290630013381892, 4.042986257723858815, 4.0458898872531183044, 4.0490170143733305685, 4.052387297867352898, 4.056015740029859712, 4.0599469275720706856, 4.0641768290499591327, 4.0687604690695592735, 4.0737087004755466726, 4.0790786435495338435, 4.0848914445375613925, 4.091201436717726329, 4.098056608757148926, 4.1054990707425593026, 4.1136428487299987033, 4.1224929672842696485, 4.132148912477633257, 4.142748534163539145, 4.1543280537542785764, 4.1670291681857246223, 4.181049697015339176, 4.196430164757841589, 4.21342651919765871, 4.232187007515858969, 4.252982368765983353, 4.2760593190106310395, 4.3007487987626514675, 4.329423712820695353, 4.358242023420152162, 4.400562550106301156, 4.4394849706060179476, 4.4419743520531108525, 4.5804481143530501727, 4.5304493093207069457, 4.729760012869586774, 4.3819483563362135138, 5.232314436225541146, 4.776284878538919169, 5.189249380742958189, 3.015395082936582391, 7.15953671551503602, 2.6528473542555095952, 3.916452597315703906, 7.4391436014037215355, 6.3306348457876073215]
Iterations (number of steps) per h: [10000, 9546, 9112, 8698, 8303, 7925, 7565, 7221, 6893, 6580, 6281, 5995, 5723, 5463, 5215, 4978, 4751, 4535, 4329, 4133, 3945, 3765, 3594, 3431, 3275, 3126, 2984, 2849, 2719, 2596, 2478, 2365, 2258, 2155, 2057, 1964, 1874, 1789, 1708, 1630, 1556, 1485, 1418, 1354, 1292, 1233, 1177, 1124, 1073, 1024, 978, 933, 891, 850, 812, 775, 740, 706, 674, 643, 614, 586, 560, 534, 510, 487, 465, 444, 423, 404, 386, 368, 352, 336, 320, 306, 292, 279, 266, 254, 243, 232, 221, 211, 201, 192, 184, 175, 167, 160, 152, 146, 139, 133, 127, 121, 115, 110, 105, 100]
Computation times (s): [3.6119496822357178, 3.538780927658081, 3.2009119987487793, 3.1449639797210693, 2.925933599472046, 2.785627841949463, 2.6474449634552, 2.55210280418396, 2.483640193939209, 2.382774829864502, 2.2825708389282227, 2.281273603439331, 2.2159674167633057, 2.0513858795166016, 1.8775944709777832, 1.7342474460601807, 1.6742079257965088, 1.6381564140319824, 1.5917079448699951, 1.520125150680542, 1.365372657775879, 1.3141348361968994, 1.279224157333374, 1.251129150390625, 1.202580213546753, 1.1336703300476074, 1.081702709197998, 1.0178577899932861, 0.9529364109039307, 0.9372594356536865, 0.8797464370727539, 0.834202766418457, 0.8176205158233643, 0.8049232959747314, 0.7316889762878418, 0.705458402633667, 0.7010107040405273, 0.6612558364868164, 0.6320343017578125, 0.5937361717224121, 0.5528874397277832, 0.5283198356628418, 0.5191519260406494, 0.48921942710876465, 0.4707486629486084, 0.4499528408050537, 0.42647719383239746, 0.40795087814331055, 0.3880131244659424, 0.3687136173248291, 0.3529696464538574, 0.3376936912536621, 0.32143497467041016, 0.3072059154510498, 0.29334044456481934, 0.28103089332580566, 0.26675891876220703, 0.2549262046813965, 0.2428438663482666, 0.23136472702026367, 0.22182202339172363, 0.21165180206298828, 0.20122957229614258, 0.18620514869689941, 0.17800641059875488, 0.1683638095855713, 0.16071796417236328, 0.15392112731933594, 0.1462852954864502, 0.13931822776794434, 0.13308119773864746, 0.13222146034240723, 0.1262977123260498, 0.12121057510375977, 0.11499547958374023, 0.11014771461486816, 0.10586285591125488, 0.10053753852844238, 0.0954599380493164, 0.0913083553314209, 0.08768510818481445, 0.08339667320251465, 0.07963776588439941, 0.07656383514404297, 0.07235431671142578, 0.06940102577209473, 0.06680178642272949, 0.06315994262695312, 0.0604550838470459, 0.057756900787353516, 0.054884910583496094, 0.052954912185668945, 0.05032610893249512, 0.048261404037475586, 0.04577040672302246, 0.04388427734375, 0.04132866859436035, 0.039499759674072266, 0.03813743591308594, 0.036086320877075195]
Peak memory usage (bytes): [2733960, 2617736, 2487624, 2381640, 2263624, 2166856, 2074696, 1971656, 1887688, 1794248, 1717704, 1644488, 1563016, 1496456, 1422408, 1361736, 1303624, 1238984, 1186248, 1136072, 1079624, 1033544, 982344, 940616, 900680, 855944, 819592, 779208, 745928, 714440, 679048, 650120, 618120, 591752, 566664, 538760, 515720, 493960, 469576, 449608, 427400, 409224, 392072, 372808, 356936, 339272, 324936, 311368, 296008, 283464, 271688, 258120, 247368, 235080, 225352, 215880, 205320, 196616, 188424, 179080, 171656, 163208, 156684, 149896, 142600, 136712, 131080, 124680, 119304, 114440, 108936, 104328, 100232, 95368, 91272, 86984, 83400, 80072, 76104, 72976, 70160, 67344, 63952, 61392, 58832, 56016, 53968, 51664, 49168, 47376, 45328, 43408, 41616, 40080, 38224, 36688, 35152, 33872, 32272, 30960]



Brusselator ODE Simulation with 16-Stage Fourth-Order ESRK Method
-----------------------------------------------------------------
Step sizes (h): [0.001      0.00104762 0.0010975  0.00114976 0.0012045  0.00126186
 0.00132194 0.00138489 0.00145083 0.00151991 0.00159228 0.0016681
 0.00174753 0.00183074 0.00191791 0.00200923 0.0021049  0.00220513
 0.00231013 0.00242013 0.00253536 0.00265609 0.00278256 0.00291505
 0.00305386 0.00319927 0.0033516  0.00351119 0.00367838 0.00385353
 0.00403702 0.00422924 0.00443062 0.00464159 0.0048626  0.00509414
 0.0053367  0.00559081 0.00585702 0.00613591 0.00642807 0.00673415
 0.0070548  0.00739072 0.00774264 0.00811131 0.00849753 0.00890215
 0.00932603 0.0097701  0.01023531 0.01072267 0.01123324 0.01176812
 0.01232847 0.0129155  0.01353048 0.01417474 0.01484968 0.01555676
 0.01629751 0.01707353 0.0178865  0.01873817 0.01963041 0.02056512
 0.02154435 0.0225702  0.02364489 0.02477076 0.02595024 0.02718588
 0.02848036 0.02983647 0.03125716 0.03274549 0.03430469 0.03593814
 0.03764936 0.03944206 0.04132012 0.04328761 0.04534879 0.0475081
 0.04977024 0.05214008 0.05462277 0.05722368 0.05994843 0.06280291
 0.06579332 0.06892612 0.07220809 0.07564633 0.07924829 0.08302176
 0.0869749  0.09111628 0.09545485 0.1       ]
Errors: [4.5251079069391834632e-12, 5.451439091266432674e-12, 6.5683690528621492983e-12, 7.91285525621440413e-12, 9.532636908106208855e-12, 1.1484312351979989811e-11, 1.3835662645823395755e-11, 1.6668127989027996673e-11, 2.0080230021118083348e-11, 2.4191325280432927228e-11, 2.9143676203753640654e-11, 3.5110530424143774178e-11, 4.2299100419400033734e-11, 5.095940723445607547e-11, 6.1393352616468772954e-11, 7.396458368982119849e-11, 8.9110580457855972675e-11, 1.0735916026568711449e-10, 1.2934606893289326058e-10, 1.5583795889764106982e-10, 1.8775798502396732983e-10, 2.2621921984264152255e-10, 2.725629083159868696e-10, 3.2840578104348740315e-10, 3.9569635525552456234e-10, 4.767831308959392105e-10, 5.7449708009471977916e-10, 6.922507466501991856e-10, 8.3415780231400962684e-10, 1.0051775252112658893e-09, 1.211288844992966133e-09, 1.4597002179170494996e-09, 1.7591035300059245375e-09, 2.1199791250182896247e-09, 2.5549656909259175183e-09, 3.0793050032927148957e-09, 3.7113794766950023116e-09, 4.4733629141584160074e-09, 5.3920013527230650573e-09, 6.4995612456814596854e-09, 7.834974385580463647e-09, 9.445213750734837682e-09, 1.1386974284735550588e-08, 1.37286699895794609495e-08, 1.6552892192012357136e-08, 1.9959346092727399636e-08, 2.4068429274923313987e-08, 2.9025534619717266259e-08, 3.5006269377433360006e-08, 4.222279563465972388e-08, 5.0931478970063535792e-08, 6.1442159804956614885e-08, 7.412942131354007573e-08, 8.944618629577467564e-08, 1.0794035977540962137e-07, 1.3027478087033412196e-07, 1.5725175482016697819e-07, 1.8984266597881224932e-07, 2.2922407778443561903e-07, 2.7682158188155200204e-07, 3.3436366421487538244e-07, 4.039463221524960941e-07, 4.8811352269680445345e-07, 5.899537757346706097e-07, 7.132201659564469851e-07, 8.624753143966832613e-07, 1.0432711737291890082e-06, 1.2623687357181737053e-06, 1.5280079199346952027e-06, 1.8502461159333882723e-06, 2.241362943267371773e-06, 2.7163763660909291395e-06, 3.2936832620841984277e-06, 3.995835970337481666e-06, 4.850539655520938592e-06, 5.8919046500804658747e-06, 7.1619630639298978958e-06, 8.7126808235302386316e-06, 1.0608415758576957761e-05, 1.2929131950118894716e-05, 1.5774456488273362962e-05, 1.926807014105228421e-05, 2.3566838404348947937e-05, 2.8863342131635814427e-05, 3.5419862493521605788e-05, 4.3544512812003091243e-05, 5.3539004477376315093e-05, 6.625285484841204375e-05, 8.179538959612865428e-05, 0.000101924721310337235727, 0.00012496941644874372364, 0.00015940688080699883652, 0.00019906626471690252774, 0.00025341422417516658378, 0.00029157350708132547484, 0.0004068039544841488999, 0.00046023330334238547167, 0.00055220240822602880833, 0.0007805199816053805989, 0.0010477933521541531937]
Orders of convergence (pairwise): [4.003670094169963866, 4.0068459158454156573, 4.003345930028105974, 4.003551573132962062, 4.0041512598774387428, 4.004300921188308394, 4.003899694127885266, 4.003651911028484255, 4.0041033964042280504, 4.0037912642445049136, 4.004206342168128209, 4.004240167484210201, 4.0042151978316863955, 4.0044006450300035113, 4.00467210866682903, 4.004820045565500135, 4.0050367470683348697, 4.0052493525093080503, 4.0055408474951153136, 4.0057956430954317433, 4.0060886800320587276, 4.00639408819020958, 4.0067299273687155044, 4.0070871947455964, 4.007462143427108614, 4.0078637535300536366, 4.00829255296180162, 4.008746782963134307, 4.009230388018376893, 4.009744931196773, 4.010289778678436322, 4.01087249895455888, 4.0114891295407227386, 4.0121476604403054213, 4.0128479327092753796, 4.013591383084558967, 4.0143891705303003234, 4.015235046092208866, 4.0161353762998982923, 4.0171002550597715544, 4.0181233808762450133, 4.0192291840743205877, 4.020396220931141122, 4.021648338082055002, 4.0229849047564942006, 4.02442127730978281, 4.025957707437931516, 4.0275973327937853166, 4.029357162598729997, 4.031245467569478918, 4.0332692047068284254, 4.035444746939001435, 4.037775315895244639, 4.040290630013381892, 4.042986257723858815, 4.0458898872531183044, 4.0490170143733305685, 4.052387297867352898, 4.056015740029859712, 4.0599469275720706856, 4.0641768290499591327, 4.0687604690695592735, 4.0737087004755466726, 4.0790786435495338435, 4.0848914445375613925, 4.091201436717726329, 4.098056608757148926, 4.1054990707425593026, 4.1136428487299987033, 4.1224929672842696485, 4.132148912477633257, 4.142748534163539145, 4.1543280537542785764, 4.1670291681857246223, 4.181049697015339176, 4.196430164757841589, 4.21342651919765871, 4.232187007515858969, 4.252982368765983353, 4.2760593190106310395, 4.3007487987626514675, 4.329423712820695353, 4.358242023420152162, 4.400562550106301156, 4.4394849706060179476, 4.4419743520531108525, 4.5804481143530501727, 4.5304493093207069457, 4.729760012869586774, 4.3819483563362135138, 5.232314436225541146, 4.776284878538919169, 5.189249380742958189, 3.015395082936582391, 7.15953671551503602, 2.6528473542555095952, 3.916452597315703906, 7.4391436014037215355, 6.3306348457876073215]
Iterations (number of steps) per h: [10000, 9546, 9112, 8698, 8303, 7925, 7565, 7221, 6893, 6580, 6281, 5995, 5723, 5463, 5215, 4978, 4751, 4535, 4329, 4133, 3945, 3765, 3594, 3431, 3275, 3126, 2984, 2849, 2719, 2596, 2478, 2365, 2258, 2155, 2057, 1964, 1874, 1789, 1708, 1630, 1556, 1485, 1418, 1354, 1292, 1233, 1177, 1124, 1073, 1024, 978, 933, 891, 850, 812, 775, 740, 706, 674, 643, 614, 586, 560, 534, 510, 487, 465, 444, 423, 404, 386, 368, 352, 336, 320, 306, 292, 279, 266, 254, 243, 232, 221, 211, 201, 192, 184, 175, 167, 160, 152, 146, 139, 133, 127, 121, 115, 110, 105, 100]
Computation times (s): [3.614093542098999, 3.3746559619903564, 3.181185722351074, 3.2776668071746826, 3.0628390312194824, 2.9543445110321045, 2.8488101959228516, 2.654421806335449, 2.6240932941436768, 2.3461787700653076, 2.252347946166992, 2.2766261100769043, 2.1536214351654053, 2.052194118499756, 1.9489867687225342, 1.8389711380004883, 1.7511630058288574, 1.6736829280853271, 1.5913686752319336, 1.5324769020080566, 1.3925633430480957, 1.3282365798950195, 1.2784090042114258, 1.2133173942565918, 1.160099983215332, 1.1014230251312256, 1.1289377212524414, 1.0939099788665771, 0.9955196380615234, 0.9260683059692383, 0.9319112300872803, 0.8879938125610352, 0.8298349380493164, 0.7877893447875977, 0.7567086219787598, 0.718336820602417, 0.6848766803741455, 0.6559567451477051, 0.6259059906005859, 0.5960118770599365, 0.5677187442779541, 0.5431818962097168, 0.5188095569610596, 0.4964170455932617, 0.47293686866760254, 0.451019287109375, 0.43048691749572754, 0.41121745109558105, 0.39325881004333496, 0.3732631206512451, 0.3356513977050781, 0.3208606243133545, 0.30768370628356934, 0.29298973083496094, 0.28057432174682617, 0.2778787612915039, 0.2701377868652344, 0.2570633888244629, 0.23444247245788574, 0.23059797286987305, 0.2250680923461914, 0.21415400505065918, 0.20461344718933105, 0.19495654106140137, 0.1865708827972412, 0.17716503143310547, 0.16901397705078125, 0.1699821949005127, 0.16321611404418945, 0.15566062927246094, 0.1490182876586914, 0.1421949863433838, 0.13636517524719238, 0.12939119338989258, 0.12351298332214355, 0.11811542510986328, 0.11228156089782715, 0.10690522193908691, 0.10197806358337402, 0.09738779067993164, 0.09374666213989258, 0.08922696113586426, 0.08518338203430176, 0.08164811134338379, 0.0777127742767334, 0.07387614250183105, 0.0712580680847168, 0.06822800636291504, 0.06495857238769531, 0.06219768524169922, 0.05850052833557129, 0.05643606185913086, 0.05362129211425781, 0.05092668533325195, 0.04884624481201172, 0.04670095443725586, 0.044542789459228516, 0.042815446853637695, 0.03979301452636719, 0.038651466369628906]
Peak memory usage (bytes): [2733960, 2617736, 2487624, 2381640, 2263624, 2166856, 2074696, 1971656, 1887688, 1794248, 1717704, 1644488, 1563016, 1496456, 1422408, 1361736, 1303624, 1238984, 1186248, 1136072, 1079624, 1033544, 982344, 940616, 900680, 855944, 819592, 779208, 745928, 714440, 679048, 650120, 618120, 591752, 566664, 538760, 515720, 493960, 469576, 449608, 427400, 409224, 392072, 372808, 356936, 339272, 324936, 311368, 296008, 283464, 271688, 258120, 247368, 235080, 225352, 215880, 205320, 196616, 188424, 179080, 171656, 163208, 156684, 149896, 142600, 136712, 131080, 124680, 119304, 114440, 108936, 104328, 100232, 95368, 91272, 86984, 83400, 80072, 76104, 72976, 70160, 67344, 63952, 61392, 58832, 56016, 53968, 51664, 49168, 47376, 45328, 43408, 41616, 40080, 38224, 36688, 35152, 33872, 32272, 30960]
